airfoilXFOIL
1 -1.110223e-16
9.950000e-01 5.196281e-04
9.867000e-01 1.487877e-03
9.771000e-01 2.765236e-03
9.664000e-01 4.377049e-03
9.548000e-01 6.334177e-03
9.425000e-01 8.630537e-03
9.298000e-01 1.122117e-02
9.168000e-01 1.408354e-02
9.036000e-01 1.718671e-02
8.904000e-01 2.046705e-02
8.771000e-01 2.393057e-02
8.638000e-01 2.753256e-02
8.504000e-01 3.128153e-02
8.371000e-01 3.510210e-02
8.237000e-01 3.903272e-02
8.104000e-01 4.299650e-02
7.970000e-01 4.703526e-02
7.836000e-01 5.110209e-02
7.702000e-01 5.518030e-02
7.568000e-01 5.925380e-02
7.434000e-01 6.330711e-02
7.301000e-01 6.729551e-02
7.167000e-01 7.126479e-02
7.033000e-01 7.517112e-02
6.899000e-01 7.900144e-02
6.765000e-01 8.274323e-02
6.631000e-01 8.638463e-02
6.498000e-01 8.988843e-02
6.364000e-01 9.329668e-02
6.230000e-01 9.657249e-02
6.097000e-01 9.968350e-02
5.963000e-01 1.026676e-01
5.830000e-01 1.054720e-01
5.696000e-01 1.081311e-01
5.563000e-01 1.105982e-01
5.430000e-01 1.128872e-01
5.297000e-01 1.149922e-01
5.164000e-01 1.169078e-01
5.031000e-01 1.186291e-01
4.898000e-01 1.201517e-01
4.765000e-01 1.214719e-01
4.633000e-01 1.225788e-01
4.501000e-01 1.234804e-01
4.368000e-01 1.241788e-01
4.237000e-01 1.246590e-01
4.105000e-01 1.249330e-01
3.973000e-01 1.249956e-01
3.842000e-01 1.248482e-01
3.711000e-01 1.244922e-01
3.580000e-01 1.239278e-01
3.450000e-01 1.231627e-01
3.320000e-01 1.221942e-01
3.190000e-01 1.210237e-01
3.060000e-01 1.196528e-01
2.931000e-01 1.180961e-01
2.803000e-01 1.163600e-01
2.675000e-01 1.144352e-01
2.547000e-01 1.123235e-01
2.420000e-01 1.100454e-01
2.294000e-01 1.076068e-01
2.168000e-01 1.049918e-01
2.044000e-01 1.022467e-01
1.920000e-01 9.933138e-02
1.797000e-01 9.627059e-02
1.676000e-01 9.309330e-02
1.556000e-01 8.977590e-02
1.438000e-01 8.634688e-02
1.322000e-01 8.280705e-02
1.209000e-01 7.918744e-02
1.100000e-01 7.552253e-02
9.950000e-02 7.181444e-02
8.940000e-02 6.806255e-02
8.000000e-02 6.438375e-02
7.130000e-02 6.079165e-02
6.330000e-02 5.730073e-02
5.600000e-02 5.392742e-02
4.950000e-02 5.074183e-02
4.370000e-02 4.772381e-02
3.850000e-02 4.484682e-02
3.380000e-02 4.207638e-02
2.970000e-02 3.949817e-02
2.600000e-02 3.701299e-02
2.270000e-02 3.464044e-02
1.970000e-02 3.232571e-02
1.700000e-02 3.008247e-02
1.460000e-02 2.792895e-02
1.240000e-02 2.578785e-02
1.040000e-02 2.366347e-02
8.600000e-03 2.156218e-02
7.000000e-03 1.949350e-02
5.500000e-03 1.731784e-02
4.300000e-03 1.534436e-02
3.200000e-03 1.326653e-02
2.300000e-03 1.127171e-02
1.500000e-03 9.124282e-03
9.000000e-04 7.083668e-03
4.000000e-04 4.734830e-03
2.000000e-04 3.353196e-03
0 0
0 0
2.000000e-04 -3.353196e-03
4.000000e-04 -4.734830e-03
9.000000e-04 -7.083668e-03
1.500000e-03 -9.124282e-03
2.300000e-03 -1.127171e-02
3.200000e-03 -1.326653e-02
4.300000e-03 -1.534436e-02
5.500000e-03 -1.731784e-02
7.000000e-03 -1.949350e-02
8.600000e-03 -2.156218e-02
1.040000e-02 -2.366347e-02
1.240000e-02 -2.578785e-02
1.460000e-02 -2.792895e-02
1.700000e-02 -3.008247e-02
1.970000e-02 -3.232571e-02
2.270000e-02 -3.464044e-02
2.600000e-02 -3.701299e-02
2.970000e-02 -3.949817e-02
3.380000e-02 -4.207638e-02
3.850000e-02 -4.484682e-02
4.370000e-02 -4.772381e-02
4.950000e-02 -5.074183e-02
5.600000e-02 -5.392742e-02
6.330000e-02 -5.730073e-02
7.130000e-02 -6.079165e-02
8.000000e-02 -6.438375e-02
8.940000e-02 -6.806255e-02
9.950000e-02 -7.181444e-02
1.100000e-01 -7.552253e-02
1.209000e-01 -7.918744e-02
1.322000e-01 -8.280705e-02
1.438000e-01 -8.634688e-02
1.556000e-01 -8.977590e-02
1.676000e-01 -9.309330e-02
1.797000e-01 -9.627059e-02
1.920000e-01 -9.933138e-02
2.044000e-01 -1.022467e-01
2.168000e-01 -1.049918e-01
2.294000e-01 -1.076068e-01
2.420000e-01 -1.100454e-01
2.547000e-01 -1.123235e-01
2.675000e-01 -1.144352e-01
2.803000e-01 -1.163600e-01
2.931000e-01 -1.180961e-01
3.060000e-01 -1.196528e-01
3.190000e-01 -1.210237e-01
3.320000e-01 -1.221942e-01
3.450000e-01 -1.231627e-01
3.580000e-01 -1.239278e-01
3.711000e-01 -1.244922e-01
3.842000e-01 -1.248482e-01
3.973000e-01 -1.249956e-01
4.105000e-01 -1.249330e-01
4.237000e-01 -1.246590e-01
4.368000e-01 -1.241788e-01
4.501000e-01 -1.234804e-01
4.633000e-01 -1.225788e-01
4.765000e-01 -1.214719e-01
4.898000e-01 -1.201517e-01
5.031000e-01 -1.186291e-01
5.164000e-01 -1.169078e-01
5.297000e-01 -1.149922e-01
5.430000e-01 -1.128872e-01
5.563000e-01 -1.105982e-01
5.696000e-01 -1.081311e-01
5.830000e-01 -1.054720e-01
5.963000e-01 -1.026676e-01
6.097000e-01 -9.968350e-02
6.230000e-01 -9.657249e-02
6.364000e-01 -9.329668e-02
6.498000e-01 -8.988843e-02
6.631000e-01 -8.638463e-02
6.765000e-01 -8.274323e-02
6.899000e-01 -7.900144e-02
7.033000e-01 -7.517112e-02
7.167000e-01 -7.126479e-02
7.301000e-01 -6.729551e-02
7.434000e-01 -6.330711e-02
7.568000e-01 -5.925380e-02
7.702000e-01 -5.518030e-02
7.836000e-01 -5.110209e-02
7.970000e-01 -4.703526e-02
8.104000e-01 -4.299650e-02
8.237000e-01 -3.903272e-02
8.371000e-01 -3.510210e-02
8.504000e-01 -3.128153e-02
8.638000e-01 -2.753256e-02
8.771000e-01 -2.393057e-02
8.904000e-01 -2.046705e-02
9.036000e-01 -1.718671e-02
9.168000e-01 -1.408354e-02
9.298000e-01 -1.122117e-02
9.425000e-01 -8.630537e-03
9.548000e-01 -6.334177e-03
9.664000e-01 -4.377049e-03
9.771000e-01 -2.765236e-03
9.867000e-01 -1.487877e-03
9.950000e-01 -5.196281e-04
1 1.110223e-16
