1.000000
0.999985
0.999938
0.999861
0.999753
0.999615
0.999445
0.999245
0.999013
0.998751
0.998459
0.998135
0.997781
0.997396
0.996980
0.996534
0.996057
0.995550
0.995012
0.994443
0.993844
0.993215
0.992555
0.991864
0.991144
0.990393
0.989611
0.988800
0.987958
0.987087
0.986185
0.985253
0.984292
0.983300
0.982279
0.981228
0.980147
0.979036
0.977897
0.976727
0.975528
0.974300
0.973043
0.971756
0.970440
0.969096
0.967722
0.966320
0.964888
0.963428
0.961940
0.960423
0.958877
0.957304
0.955702
0.954072
0.952414
0.950728
0.949014
0.947272
0.945503
0.943707
0.941883
0.940032
0.938153
0.936248
0.934316
0.932357
0.930371
0.928359
0.926320
0.924255
0.922164
0.920047
0.917904
0.915735
0.913540
0.911320
0.909075
0.906804
0.904508
0.902188
0.899842
0.897472
0.895078
0.892658
0.890215
0.887748
0.885257
0.882742
0.880203
0.877641
0.875056
0.872447
0.869816
0.867161
0.864484
0.861785
0.859063
0.856319
0.853553
0.850766
0.847956
0.845126
0.842274
0.839400
0.836506
0.833591
0.830656
0.827700
0.824724
0.821728
0.818712
0.815676
0.812621
0.809547
0.806454
0.803341
0.800210
0.797061
0.793893
0.790707
0.787503
0.784281
0.781042
0.777785
0.774511
0.771221
0.767913
0.764590
0.761249
0.757893
0.754521
0.751133
0.747729
0.744311
0.740877
0.737428
0.733965
0.730487
0.726995
0.723489
0.719970
0.716436
0.712890
0.709330
0.705757
0.702172
0.698574
0.694964
0.691342
0.687708
0.684062
0.680405
0.676737
0.673059
0.669369
0.665669
0.661959
0.658238
0.654508
0.650769
0.647020
0.643262
0.639496
0.635720
0.631937
0.628145
0.624345
0.620538
0.616723
0.612901
0.609072
0.605236
0.601394
0.597545
0.593691
0.589830
0.585965
0.582093
0.578217
0.574336
0.570451
0.566561
0.562667
0.558769
0.554867
0.550962
0.547054
0.543143
0.539230
0.535313
0.531395
0.527475
0.523553
0.519630
0.515705
0.511780
0.507854
0.503927
0.500000
0.496073
0.492146
0.488220
0.484295
0.480370
0.476447
0.472525
0.468605
0.464687
0.460770
0.456857
0.452946
0.449038
0.445133
0.441231
0.437333
0.433439
0.429549
0.425664
0.421783
0.417907
0.414035
0.410170
0.406309
0.402455
0.398606
0.394764
0.390928
0.387099
0.383277
0.379462
0.375655
0.371855
0.368063
0.364280
0.360504
0.356738
0.352980
0.349231
0.345492
0.341762
0.338041
0.334331
0.330631
0.326941
0.323263
0.319595
0.315938
0.312292
0.308658
0.305036
0.301426
0.297828
0.294243
0.290670
0.287110
0.283564
0.280030
0.276511
0.273005
0.269513
0.266035
0.262572
0.259123
0.255689
0.252271
0.248867
0.245479
0.242107
0.238751
0.235410
0.232087
0.228779
0.225489
0.222215
0.218958
0.215719
0.212497
0.209293
0.206107
0.202939
0.199790
0.196659
0.193546
0.190453
0.187379
0.184324
0.181288
0.178272
0.175276
0.172300
0.169344
0.166409
0.163494
0.160600
0.157726
0.154874
0.152044
0.149234
0.146447
0.143681
0.140937
0.138215
0.135516
0.132839
0.130184
0.127553
0.124944
0.122359
0.119797
0.117258
0.114743
0.112252
0.109785
0.107342
0.104922
0.102528
0.100158
0.097812
0.095492
0.093196
0.090925
0.088680
0.086460
0.084265
0.082096
0.079953
0.077836
0.075745
0.073680
0.071641
0.069629
0.067643
0.065684
0.063752
0.061847
0.059968
0.058117
0.056293
0.054497
0.052728
0.050986
0.049272
0.047587
0.045928
0.044298
0.042696
0.041123
0.039577
0.038060
0.036572
0.035112
0.033681
0.032278
0.030904
0.029560
0.028244
0.026957
0.025700
0.024472
0.023273
0.022104
0.020964
0.019853
0.018772
0.017721
0.016700
0.015708
0.014747
0.013815
0.012913
0.012042
0.011200
0.010389
0.009607
0.008856
0.008136
0.007445
0.006785
0.006156
0.005557
0.004988
0.004450
0.003943
0.003466
0.003020
0.002604
0.002219
0.001865
0.001541
0.001249
0.000987
0.000755
0.000555
0.000385
0.000247
0.000139
0.000062
0.000015
0.000000
0.000015
0.000062
0.000139
0.000247
0.000385
0.000555
0.000755
0.000987
0.001249
0.001541
0.001865
0.002219
0.002604
0.003020
0.003466
0.003943
0.004450
0.004988
0.005557
0.006156
0.006785
0.007445
0.008136
0.008856
0.009607
0.010389
0.011200
0.012042
0.012913
0.013815
0.014747
0.015708
0.016700
0.017721
0.018772
0.019853
0.020964
0.022104
0.023273
0.024472
0.025700
0.026957
0.028244
0.029560
0.030904
0.032278
0.033681
0.035112
0.036572
0.038060
0.039577
0.041123
0.042696
0.044298
0.045928
0.047587
0.049272
0.050986
0.052728
0.054497
0.056293
0.058117
0.059968
0.061847
0.063752
0.065684
0.067643
0.069629
0.071641
0.073680
0.075745
0.077836
0.079953
0.082096
0.084265
0.086460
0.088680
0.090925
0.093196
0.095492
0.097812
0.100158
0.102528
0.104922
0.107342
0.109785
0.112252
0.114743
0.117258
0.119797
0.122359
0.124944
0.127553
0.130184
0.132839
0.135516
0.138215
0.140937
0.143681
0.146447
0.149234
0.152044
0.154874
0.157726
0.160600
0.163494
0.166409
0.169344
0.172300
0.175276
0.178272
0.181288
0.184324
0.187379
0.190453
0.193546
0.196659
0.199790
0.202939
0.206107
0.209293
0.212497
0.215719
0.218958
0.222215
0.225489
0.228779
0.232087
0.235410
0.238751
0.242107
0.245479
0.248867
0.252271
0.255689
0.259123
0.262572
0.266035
0.269513
0.273005
0.276511
0.280030
0.283564
0.287110
0.290670
0.294243
0.297828
0.301426
0.305036
0.308658
0.312292
0.315938
0.319595
0.323263
0.326941
0.330631
0.334331
0.338041
0.341762
0.345492
0.349231
0.352980
0.356738
0.360504
0.364280
0.368063
0.371855
0.375655
0.379462
0.383277
0.387099
0.390928
0.394764
0.398606
0.402455
0.406309
0.410170
0.414035
0.417907
0.421783
0.425664
0.429549
0.433439
0.437333
0.441231
0.445133
0.449038
0.452946
0.456857
0.460770
0.464687
0.468605
0.472525
0.476447
0.480370
0.484295
0.488220
0.492146
0.496073
0.500000
0.503927
0.507854
0.511780
0.515705
0.519630
0.523553
0.527475
0.531395
0.535313
0.539230
0.543143
0.547054
0.550962
0.554867
0.558769
0.562667
0.566561
0.570451
0.574336
0.578217
0.582093
0.585965
0.589830
0.593691
0.597545
0.601394
0.605236
0.609072
0.612901
0.616723
0.620538
0.624345
0.628145
0.631937
0.635720
0.639496
0.643262
0.647020
0.650769
0.654508
0.658238
0.661959
0.665669
0.669369
0.673059
0.676737
0.680405
0.684062
0.687708
0.691342
0.694964
0.698574
0.702172
0.705757
0.709330
0.712890
0.716436
0.719970
0.723489
0.726995
0.730487
0.733965
0.737428
0.740877
0.744311
0.747729
0.751133
0.754521
0.757893
0.761249
0.764590
0.767913
0.771221
0.774511
0.777785
0.781042
0.784281
0.787503
0.790707
0.793893
0.797061
0.800210
0.803341
0.806454
0.809547
0.812621
0.815676
0.818712
0.821728
0.824724
0.827700
0.830656
0.833591
0.836506
0.839400
0.842274
0.845126
0.847956
0.850766
0.853553
0.856319
0.859063
0.861785
0.864484
0.867161
0.869816
0.872447
0.875056
0.877641
0.880203
0.882742
0.885257
0.887748
0.890215
0.892658
0.895078
0.897472
0.899842
0.902188
0.904508
0.906804
0.909075
0.911320
0.913540
0.915735
0.917904
0.920047
0.922164
0.924255
0.926320
0.928359
0.930371
0.932357
0.934316
0.936248
0.938153
0.940032
0.941883
0.943707
0.945503
0.947272
0.949014
0.950728
0.952414
0.954072
0.955702
0.957304
0.958877
0.960423
0.961940
0.963428
0.964888
0.966320
0.967722
0.969096
0.970440
0.971756
0.973043
0.974300
0.975528
0.976727
0.977897
0.979036
0.980147
0.981228
0.982279
0.983300
0.984292
0.985253
0.986185
0.987087
0.987958
0.988800
0.989611
0.990393
0.991144
0.991864
0.992555
0.993215
0.993844
0.994443
0.995012
0.995550
0.996057
0.996534
0.996980
0.997396
0.997781
0.998135
0.998459
0.998751
0.999013
0.999245
0.999445
0.999615
0.999753
0.999861
0.999938
0.999985
1.000000
