1.000000
0.997477
0.992909
0.987052
0.980188
0.972484
0.964056
0.954990
0.945357
0.935212
0.924606
0.913580
0.902171
0.890412
0.878333
0.865961
0.853321
0.840435
0.827325
0.814011
0.800512
0.786845
0.773028
0.759074
0.745001
0.730821
0.716549
0.702198
0.687780
0.673308
0.658792
0.644245
0.629678
0.615100
0.600522
0.585954
0.571405
0.556886
0.542404
0.527969
0.513589
0.499273
0.485030
0.470866
0.456790
0.442810
0.428933
0.415167
0.401518
0.387994
0.374603
0.361349
0.348242
0.335286
0.322488
0.309856
0.297394
0.285110
0.273009
0.261098
0.249381
0.237866
0.226558
0.215462
0.204584
0.193929
0.183503
0.173312
0.163361
0.153654
0.144197
0.134995
0.126053
0.117377
0.108970
0.100839
0.092987
0.085419
0.078141
0.071157
0.064471
0.058089
0.052014
0.046251
0.040804
0.035679
0.030879
0.026409
0.022272
0.018474
0.015018
0.011909
0.009150
0.006746
0.004701
0.003019
0.001704
0.000760
0.000191
0.000000
0.000191
0.000760
0.001704
0.003019
0.004701
0.006746
0.009150
0.011909
0.015018
0.018474
0.022272
0.026409
0.030879
0.035679
0.040804
0.046251
0.052014
0.058089
0.064471
0.071157
0.078141
0.085419
0.092987
0.100839
0.108970
0.117377
0.126053
0.134995
0.144197
0.153654
0.163361
0.173312
0.183503
0.193929
0.204584
0.215462
0.226558
0.237866
0.249381
0.261098
0.273009
0.285110
0.297394
0.309856
0.322488
0.335286
0.348242
0.361349
0.374603
0.387994
0.401518
0.415167
0.428933
0.442810
0.456790
0.470866
0.485030
0.499273
0.513589
0.527969
0.542404
0.556886
0.571405
0.585954
0.600522
0.615100
0.629678
0.644245
0.658792
0.673308
0.687780
0.702198
0.716549
0.730821
0.745001
0.759074
0.773028
0.786845
0.800512
0.814011
0.827325
0.840435
0.853321
0.865961
0.878333
0.890412
0.902171
0.913580
0.924606
0.935212
0.945357
0.954990
0.964056
0.972484
0.980188
0.987052
0.992909
0.997477
1.000000
