rootAirfoil
1 -1.734723e-18
9.899000e-01 1.417170e-02
9.798000e-01 2.514164e-02
9.697000e-01 3.416022e-02
9.596000e-01 4.182899e-02
9.495000e-01 4.849275e-02
9.394000e-01 5.437158e-02
9.293000e-01 5.961350e-02
9.192000e-01 6.432583e-02
9.091000e-01 6.859164e-02
8.990000e-01 7.246855e-02
8.889000e-01 7.600833e-02
8.788000e-01 7.924936e-02
8.687000e-01 8.222388e-02
8.586000e-01 8.495809e-02
8.485000e-01 8.747342e-02
8.384000e-01 8.979132e-02
8.283000e-01 9.192542e-02
8.182000e-01 9.389140e-02
8.081000e-01 9.570165e-02
7.980000e-01 9.736657e-02
7.879000e-01 9.889547e-02
7.778000e-01 1.002967e-01
7.677000e-01 1.015779e-01
7.576000e-01 1.027458e-01
7.475000e-01 1.038067e-01
7.374000e-01 1.047660e-01
7.273000e-01 1.056288e-01
7.172000e-01 1.063997e-01
7.071000e-01 1.070816e-01
6.970000e-01 1.076797e-01
6.869000e-01 1.081972e-01
6.768000e-01 1.086362e-01
6.667000e-01 1.090012e-01
6.566000e-01 1.092933e-01
6.465000e-01 1.095164e-01
6.364000e-01 1.096717e-01
6.263000e-01 1.097622e-01
6.162000e-01 1.097890e-01
6.061000e-01 1.097549e-01
5.960000e-01 1.096608e-01
5.859000e-01 1.095089e-01
5.758000e-01 1.093006e-01
5.657000e-01 1.090369e-01
5.556000e-01 1.087198e-01
5.455000e-01 1.083501e-01
5.354000e-01 1.079289e-01
5.253000e-01 1.074578e-01
5.152000e-01 1.069374e-01
5.051000e-01 1.063688e-01
4.949000e-01 1.057468e-01
4.848000e-01 1.050843e-01
4.747000e-01 1.043762e-01
4.646000e-01 1.036234e-01
4.545000e-01 1.028268e-01
4.444000e-01 1.019869e-01
4.343000e-01 1.011044e-01
4.242000e-01 1.001800e-01
4.141000e-01 9.921427e-02
4.040000e-01 9.820779e-02
3.939000e-01 9.716110e-02
3.838000e-01 9.607467e-02
3.737000e-01 9.494899e-02
3.636000e-01 9.378456e-02
3.535000e-01 9.258167e-02
3.434000e-01 9.134064e-02
3.333000e-01 9.006211e-02
3.232000e-01 8.874607e-02
3.131000e-01 8.739270e-02
3.030000e-01 8.600261e-02
2.929000e-01 8.457557e-02
2.828000e-01 8.311156e-02
2.727000e-01 8.161125e-02
2.626000e-01 8.007385e-02
2.525000e-01 7.849952e-02
2.424000e-01 7.688812e-02
2.323000e-01 7.523874e-02
2.222000e-01 7.355177e-02
2.121000e-01 7.182529e-02
2.020000e-01 7.005970e-02
1.919000e-01 6.825234e-02
1.818000e-01 6.640320e-02
1.717000e-01 6.450896e-02
1.616000e-01 6.256803e-02
1.515000e-01 6.057707e-02
1.414000e-01 5.853161e-02
1.313000e-01 5.642763e-02
1.212000e-01 5.425824e-02
1.111000e-01 5.201484e-02
1.010000e-01 4.968662e-02
9.090000e-02 4.725919e-02
8.080000e-02 4.471300e-02
7.070000e-02 4.202074e-02
6.060000e-02 3.914316e-02
5.050000e-02 3.602126e-02
4.040000e-02 3.256104e-02
3.030000e-02 2.859913e-02
2.020000e-02 2.380878e-02
1.010000e-02 1.733342e-02
0 0
1.010000e-02 -1.879623e-02
2.020000e-02 -2.640071e-02
3.030000e-02 -3.200975e-02
4.040000e-02 -3.651192e-02
5.050000e-02 -4.025664e-02
6.060000e-02 -4.342748e-02
7.070000e-02 -4.613669e-02
8.080000e-02 -4.845977e-02
9.090000e-02 -5.045098e-02
1.010000e-01 -5.215124e-02
1.111000e-01 -5.359257e-02
1.212000e-01 -5.480074e-02
1.313000e-01 -5.579697e-02
1.414000e-01 -5.659867e-02
1.515000e-01 -5.722052e-02
1.616000e-01 -5.767654e-02
1.717000e-01 -5.797761e-02
1.818000e-01 -5.813358e-02
1.919000e-01 -5.815430e-02
2.020000e-01 -5.804647e-02
2.121000e-01 -5.781891e-02
2.222000e-01 -5.747681e-02
2.323000e-01 -5.702758e-02
2.424000e-01 -5.647564e-02
2.525000e-01 -5.582710e-02
2.626000e-01 -5.508625e-02
2.727000e-01 -5.425772e-02
2.828000e-01 -5.334603e-02
2.929000e-01 -5.235444e-02
3.030000e-01 -5.128737e-02
3.131000e-01 -5.014824e-02
3.232000e-01 -4.894010e-02
3.333000e-01 -4.766657e-02
3.434000e-01 -4.633072e-02
3.535000e-01 -4.493521e-02
3.636000e-01 -4.348322e-02
3.737000e-01 -4.197749e-02
3.838000e-01 -4.042061e-02
3.939000e-01 -3.881525e-02
4.040000e-01 -3.716399e-02
4.141000e-01 -3.546932e-02
4.242000e-01 -3.373368e-02
4.343000e-01 -3.195950e-02
4.444000e-01 -3.014913e-02
4.545000e-01 -2.830496e-02
4.646000e-01 -2.642937e-02
4.747000e-01 -2.452458e-02
4.848000e-01 -2.259288e-02
4.949000e-01 -2.063682e-02
5.051000e-01 -1.863883e-02
5.152000e-01 -1.664036e-02
5.253000e-01 -1.462452e-02
5.354000e-01 -1.259360e-02
5.455000e-01 -1.054980e-02
5.556000e-01 -8.495832e-03
5.657000e-01 -6.434177e-03
5.758000e-01 -4.366996e-03
5.859000e-01 -2.297465e-03
5.960000e-01 -2.278612e-04
6.061000e-01 1.839220e-03
6.162000e-01 3.900236e-03
6.263000e-01 5.953287e-03
6.364000e-01 7.994162e-03
6.465000e-01 1.002086e-02
6.566000e-01 1.202900e-02
6.667000e-01 1.401626e-02
6.768000e-01 1.597766e-02
6.869000e-01 1.791084e-02
6.970000e-01 1.981040e-02
7.071000e-01 2.167290e-02
7.172000e-01 2.349408e-02
7.273000e-01 2.526777e-02
7.374000e-01 2.698970e-02
7.475000e-01 2.865437e-02
7.576000e-01 3.025562e-02
7.677000e-01 3.178677e-02
7.778000e-01 3.324056e-02
7.879000e-01 3.460908e-02
7.980000e-01 3.588369e-02
8.081000e-01 3.705493e-02
8.182000e-01 3.811240e-02
8.283000e-01 3.904460e-02
8.384000e-01 3.983808e-02
8.485000e-01 4.047607e-02
8.586000e-01 4.094385e-02
8.687000e-01 4.121891e-02
8.788000e-01 4.127871e-02
8.889000e-01 4.109598e-02
8.990000e-01 4.063740e-02
9.091000e-01 3.986349e-02
9.192000e-01 3.872139e-02
9.293000e-01 3.715241e-02
9.394000e-01 3.507237e-02
9.495000e-01 3.237288e-02
9.596000e-01 2.890479e-02
9.697000e-01 2.444695e-02
9.798000e-01 1.865345e-02
9.899000e-01 1.092164e-02
1 1.734723e-18
