rootAirfoil
1 1.387779e-17
9.950000e-01 1.122176e-03
9.867000e-01 2.943411e-03
9.771000e-01 4.986421e-03
9.664000e-01 7.185227e-03
9.548000e-01 9.478268e-03
9.425000e-01 1.180968e-02
9.298000e-01 1.411235e-02
9.168000e-01 1.636310e-02
9.036000e-01 1.854227e-02
8.904000e-01 2.061829e-02
8.771000e-01 2.260954e-02
8.638000e-01 2.450369e-02
8.504000e-01 2.631765e-02
8.371000e-01 2.802798e-02
8.237000e-01 2.966399e-02
8.104000e-01 3.120472e-02
7.970000e-01 3.267675e-02
7.836000e-01 3.407154e-02
7.702000e-01 3.539232e-02
7.568000e-01 3.664226e-02
7.434000e-01 3.782442e-02
7.301000e-01 3.893365e-02
7.167000e-01 3.998950e-02
7.033000e-01 4.098616e-02
6.899000e-01 4.192630e-02
6.765000e-01 4.281251e-02
6.631000e-01 4.364726e-02
6.498000e-01 4.442725e-02
6.364000e-01 4.516645e-02
6.230000e-01 4.586098e-02
6.097000e-01 4.650821e-02
5.963000e-01 4.711978e-02
5.830000e-01 4.768839e-02
5.696000e-01 4.822428e-02
5.563000e-01 4.872104e-02
5.430000e-01 4.918426e-02
5.297000e-01 4.961525e-02
5.164000e-01 5.001521e-02
5.031000e-01 5.038522e-02
4.898000e-01 5.072621e-02
4.765000e-01 5.103897e-02
4.633000e-01 5.132210e-02
4.501000e-01 5.157854e-02
4.368000e-01 5.181025e-02
4.237000e-01 5.201245e-02
4.105000e-01 5.219005e-02
3.973000e-01 5.234119e-02
3.842000e-01 5.246461e-02
3.711000e-01 5.256095e-02
3.580000e-01 5.262935e-02
3.450000e-01 5.266852e-02
3.320000e-01 5.267775e-02
3.190000e-01 5.265542e-02
3.060000e-01 5.259956e-02
2.931000e-01 5.250869e-02
2.803000e-01 5.238102e-02
2.675000e-01 5.221292e-02
2.547000e-01 5.200085e-02
2.420000e-01 5.174294e-02
2.294000e-01 5.143566e-02
2.168000e-01 5.107187e-02
2.044000e-01 5.065266e-02
1.920000e-01 5.016579e-02
1.797000e-01 4.960799e-02
1.676000e-01 4.897737e-02
1.556000e-01 4.826121e-02
1.438000e-01 4.745669e-02
1.322000e-01 4.655482e-02
1.209000e-01 4.555435e-02
1.100000e-01 4.445704e-02
9.950000e-02 4.325660e-02
8.940000e-02 4.194568e-02
8.000000e-02 4.056258e-02
7.130000e-02 3.911556e-02
6.330000e-02 3.761541e-02
5.600000e-02 3.607605e-02
4.950000e-02 3.454021e-02
4.370000e-02 3.301100e-02
3.850000e-02 3.148592e-02
3.380000e-02 2.995542e-02
2.970000e-02 2.847695e-02
2.600000e-02 2.700293e-02
2.270000e-02 2.555155e-02
1.970000e-02 2.409462e-02
1.700000e-02 2.264485e-02
1.460000e-02 2.121869e-02
1.240000e-02 1.976808e-02
1.040000e-02 1.829731e-02
8.600000e-03 1.681238e-02
7.000000e-03 1.532187e-02
5.500000e-03 1.372440e-02
4.300000e-03 1.224951e-02
3.200000e-03 1.067068e-02
2.300000e-03 9.130430e-03
1.500000e-03 7.446157e-03
9.000000e-04 5.821034e-03
4.000000e-04 3.921377e-03
2.000000e-04 2.789688e-03
0 0
2.000000e-04 -2.789688e-03
4.000000e-04 -3.921377e-03
9.000000e-04 -5.821034e-03
1.500000e-03 -7.446157e-03
2.300000e-03 -9.130430e-03
3.200000e-03 -1.067068e-02
4.300000e-03 -1.224951e-02
5.500000e-03 -1.372440e-02
7.000000e-03 -1.532187e-02
8.600000e-03 -1.681238e-02
1.040000e-02 -1.829731e-02
1.240000e-02 -1.976808e-02
1.460000e-02 -2.121869e-02
1.700000e-02 -2.264485e-02
1.970000e-02 -2.409462e-02
2.270000e-02 -2.555155e-02
2.600000e-02 -2.700293e-02
2.970000e-02 -2.847695e-02
3.380000e-02 -2.995542e-02
3.850000e-02 -3.148592e-02
4.370000e-02 -3.301100e-02
4.950000e-02 -3.454021e-02
5.600000e-02 -3.607605e-02
6.330000e-02 -3.761541e-02
7.130000e-02 -3.911556e-02
8.000000e-02 -4.056258e-02
8.940000e-02 -4.194568e-02
9.950000e-02 -4.325660e-02
1.100000e-01 -4.445704e-02
1.209000e-01 -4.555435e-02
1.322000e-01 -4.655482e-02
1.438000e-01 -4.745669e-02
1.556000e-01 -4.826121e-02
1.676000e-01 -4.897737e-02
1.797000e-01 -4.960799e-02
1.920000e-01 -5.016579e-02
2.044000e-01 -5.065266e-02
2.168000e-01 -5.107187e-02
2.294000e-01 -5.143566e-02
2.420000e-01 -5.174294e-02
2.547000e-01 -5.200085e-02
2.675000e-01 -5.221292e-02
2.803000e-01 -5.238102e-02
2.931000e-01 -5.250869e-02
3.060000e-01 -5.259956e-02
3.190000e-01 -5.265542e-02
3.320000e-01 -5.267775e-02
3.450000e-01 -5.266852e-02
3.580000e-01 -5.262935e-02
3.711000e-01 -5.256095e-02
3.842000e-01 -5.246461e-02
3.973000e-01 -5.234119e-02
4.105000e-01 -5.219005e-02
4.237000e-01 -5.201245e-02
4.368000e-01 -5.181025e-02
4.501000e-01 -5.157854e-02
4.633000e-01 -5.132210e-02
4.765000e-01 -5.103897e-02
4.898000e-01 -5.072621e-02
5.031000e-01 -5.038522e-02
5.164000e-01 -5.001521e-02
5.297000e-01 -4.961525e-02
5.430000e-01 -4.918426e-02
5.563000e-01 -4.872104e-02
5.696000e-01 -4.822428e-02
5.830000e-01 -4.768839e-02
5.963000e-01 -4.711978e-02
6.097000e-01 -4.650821e-02
6.230000e-01 -4.586098e-02
6.364000e-01 -4.516645e-02
6.498000e-01 -4.442725e-02
6.631000e-01 -4.364726e-02
6.765000e-01 -4.281251e-02
6.899000e-01 -4.192630e-02
7.033000e-01 -4.098616e-02
7.167000e-01 -3.998950e-02
7.301000e-01 -3.893365e-02
7.434000e-01 -3.782442e-02
7.568000e-01 -3.664226e-02
7.702000e-01 -3.539232e-02
7.836000e-01 -3.407154e-02
7.970000e-01 -3.267675e-02
8.104000e-01 -3.120472e-02
8.237000e-01 -2.966399e-02
8.371000e-01 -2.802798e-02
8.504000e-01 -2.631765e-02
8.638000e-01 -2.450369e-02
8.771000e-01 -2.260954e-02
8.904000e-01 -2.061829e-02
9.036000e-01 -1.854227e-02
9.168000e-01 -1.636310e-02
9.298000e-01 -1.411235e-02
9.425000e-01 -1.180968e-02
9.548000e-01 -9.478268e-03
9.664000e-01 -7.185227e-03
9.771000e-01 -4.986421e-03
9.867000e-01 -2.943411e-03
9.950000e-01 -1.122176e-03
1 -1.387779e-17
