rootAirfoil
1 0
9.899000e-01 1.731353e-03
9.798000e-01 3.424422e-03
9.697000e-01 5.080261e-03
9.596000e-01 6.699895e-03
9.495000e-01 8.284322e-03
9.394000e-01 9.834514e-03
9.293000e-01 1.135142e-02
9.192000e-01 1.283595e-02
9.091000e-01 1.428900e-02
8.990000e-01 1.571143e-02
8.889000e-01 1.710408e-02
8.788000e-01 1.846777e-02
8.687000e-01 1.980326e-02
8.586000e-01 2.111131e-02
8.485000e-01 2.239266e-02
8.384000e-01 2.364800e-02
8.283000e-01 2.487800e-02
8.182000e-01 2.608330e-02
8.081000e-01 2.726452e-02
7.980000e-01 2.842225e-02
7.879000e-01 2.955703e-02
7.778000e-01 3.066941e-02
7.677000e-01 3.175988e-02
7.576000e-01 3.282890e-02
7.475000e-01 3.387693e-02
7.374000e-01 3.490438e-02
7.273000e-01 3.591162e-02
7.172000e-01 3.689901e-02
7.071000e-01 3.786687e-02
6.970000e-01 3.881549e-02
6.869000e-01 3.974514e-02
6.768000e-01 4.065604e-02
6.667000e-01 4.154839e-02
6.566000e-01 4.242235e-02
6.465000e-01 4.327807e-02
6.364000e-01 4.411564e-02
6.263000e-01 4.493513e-02
6.162000e-01 4.573658e-02
6.061000e-01 4.651998e-02
5.960000e-01 4.728531e-02
5.859000e-01 4.803248e-02
5.758000e-01 4.876141e-02
5.657000e-01 4.947194e-02
5.556000e-01 5.016390e-02
5.455000e-01 5.083707e-02
5.354000e-01 5.149120e-02
5.253000e-01 5.212599e-02
5.152000e-01 5.274110e-02
5.051000e-01 5.333616e-02
4.949000e-01 5.391632e-02
4.848000e-01 5.446975e-02
4.747000e-01 5.500172e-02
4.646000e-01 5.551167e-02
4.545000e-01 5.599898e-02
4.444000e-01 5.646301e-02
4.343000e-01 5.690303e-02
4.242000e-01 5.731828e-02
4.141000e-01 5.770793e-02
4.040000e-01 5.807108e-02
3.939000e-01 5.840678e-02
3.838000e-01 5.871402e-02
3.737000e-01 5.899169e-02
3.636000e-01 5.923862e-02
3.535000e-01 5.945357e-02
3.434000e-01 5.963519e-02
3.333000e-01 5.978205e-02
3.232000e-01 5.989261e-02
3.131000e-01 5.996523e-02
3.030000e-01 5.999815e-02
2.929000e-01 5.998946e-02
2.828000e-01 5.993713e-02
2.727000e-01 5.983897e-02
2.626000e-01 5.969259e-02
2.525000e-01 5.949543e-02
2.424000e-01 5.924470e-02
2.323000e-01 5.893736e-02
2.222000e-01 5.857008e-02
2.121000e-01 5.813921e-02
2.020000e-01 5.764072e-02
1.919000e-01 5.707014e-02
1.818000e-01 5.642248e-02
1.717000e-01 5.569215e-02
1.616000e-01 5.487280e-02
1.515000e-01 5.395720e-02
1.414000e-01 5.293699e-02
1.313000e-01 5.180246e-02
1.212000e-01 5.054213e-02
1.111000e-01 4.914225e-02
1.010000e-01 4.758607e-02
9.090000e-02 4.585274e-02
8.080000e-02 4.391572e-02
7.070000e-02 4.174015e-02
6.060000e-02 3.927853e-02
5.050000e-02 3.646296e-02
4.040000e-02 3.318975e-02
3.030000e-02 2.928516e-02
2.020000e-02 2.441149e-02
1.010000e-02 1.769878e-02
0 0
1.010000e-02 -1.769878e-02
2.020000e-02 -2.441149e-02
3.030000e-02 -2.928516e-02
4.040000e-02 -3.318975e-02
5.050000e-02 -3.646296e-02
6.060000e-02 -3.927853e-02
7.070000e-02 -4.174015e-02
8.080000e-02 -4.391572e-02
9.090000e-02 -4.585274e-02
1.010000e-01 -4.758607e-02
1.111000e-01 -4.914225e-02
1.212000e-01 -5.054213e-02
1.313000e-01 -5.180246e-02
1.414000e-01 -5.293699e-02
1.515000e-01 -5.395720e-02
1.616000e-01 -5.487280e-02
1.717000e-01 -5.569215e-02
1.818000e-01 -5.642248e-02
1.919000e-01 -5.707014e-02
2.020000e-01 -5.764072e-02
2.121000e-01 -5.813921e-02
2.222000e-01 -5.857008e-02
2.323000e-01 -5.893736e-02
2.424000e-01 -5.924470e-02
2.525000e-01 -5.949543e-02
2.626000e-01 -5.969259e-02
2.727000e-01 -5.983897e-02
2.828000e-01 -5.993713e-02
2.929000e-01 -5.998946e-02
3.030000e-01 -5.999815e-02
3.131000e-01 -5.996523e-02
3.232000e-01 -5.989261e-02
3.333000e-01 -5.978205e-02
3.434000e-01 -5.963519e-02
3.535000e-01 -5.945357e-02
3.636000e-01 -5.923862e-02
3.737000e-01 -5.899169e-02
3.838000e-01 -5.871402e-02
3.939000e-01 -5.840678e-02
4.040000e-01 -5.807108e-02
4.141000e-01 -5.770793e-02
4.242000e-01 -5.731828e-02
4.343000e-01 -5.690303e-02
4.444000e-01 -5.646301e-02
4.545000e-01 -5.599898e-02
4.646000e-01 -5.551167e-02
4.747000e-01 -5.500172e-02
4.848000e-01 -5.446975e-02
4.949000e-01 -5.391632e-02
5.051000e-01 -5.333616e-02
5.152000e-01 -5.274110e-02
5.253000e-01 -5.212599e-02
5.354000e-01 -5.149120e-02
5.455000e-01 -5.083707e-02
5.556000e-01 -5.016390e-02
5.657000e-01 -4.947194e-02
5.758000e-01 -4.876141e-02
5.859000e-01 -4.803248e-02
5.960000e-01 -4.728531e-02
6.061000e-01 -4.651998e-02
6.162000e-01 -4.573658e-02
6.263000e-01 -4.493513e-02
6.364000e-01 -4.411564e-02
6.465000e-01 -4.327807e-02
6.566000e-01 -4.242235e-02
6.667000e-01 -4.154839e-02
6.768000e-01 -4.065604e-02
6.869000e-01 -3.974514e-02
6.970000e-01 -3.881549e-02
7.071000e-01 -3.786687e-02
7.172000e-01 -3.689901e-02
7.273000e-01 -3.591162e-02
7.374000e-01 -3.490438e-02
7.475000e-01 -3.387693e-02
7.576000e-01 -3.282890e-02
7.677000e-01 -3.175988e-02
7.778000e-01 -3.066941e-02
7.879000e-01 -2.955703e-02
7.980000e-01 -2.842225e-02
8.081000e-01 -2.726452e-02
8.182000e-01 -2.608330e-02
8.283000e-01 -2.487800e-02
8.384000e-01 -2.364800e-02
8.485000e-01 -2.239266e-02
8.586000e-01 -2.111131e-02
8.687000e-01 -1.980326e-02
8.788000e-01 -1.846777e-02
8.889000e-01 -1.710408e-02
8.990000e-01 -1.571143e-02
9.091000e-01 -1.428900e-02
9.192000e-01 -1.283595e-02
9.293000e-01 -1.135142e-02
9.394000e-01 -9.834514e-03
9.495000e-01 -8.284322e-03
9.596000e-01 -6.699895e-03
9.697000e-01 -5.080261e-03
9.798000e-01 -3.424422e-03
9.899000e-01 -1.731353e-03
1 0
