1.0000
0.9950
0.9867
0.9771
0.9664
0.9548
0.9425
0.9298
0.9168
0.9036
0.8904
0.8771
0.8638
0.8504
0.8371
0.8237
0.8104
0.7970
0.7836
0.7702
0.7568
0.7434
0.7301
0.7167
0.7033
0.6899
0.6765
0.6631
0.6498
0.6364
0.6230
0.6097
0.5963
0.5830
0.5696
0.5563
0.5430
0.5297
0.5164
0.5031
0.4898
0.4765
0.4633
0.4501
0.4368
0.4237
0.4105
0.3973
0.3842
0.3711
0.3580
0.3450
0.3320
0.3190
0.3060
0.2931
0.2803
0.2675
0.2547
0.2420
0.2294
0.2168
0.2044
0.1920
0.1797
0.1676
0.1556
0.1438
0.1322
0.1209
0.1100
0.0995
0.0894
0.0800
0.0713
0.0633
0.0560
0.0495
0.0437
0.0385
0.0338
0.0297
0.0260
0.0227
0.0197
0.0170
0.0146
0.0124
0.0104
0.0086
0.0070
0.0055
0.0043
0.0032
0.0023
0.0015
0.0009
0.0004
0.0002
0.0000
0.0002
0.0004
0.0009
0.0015
0.0023
0.0032
0.0043
0.0055
0.0070
0.0086
0.0104
0.0124
0.0146
0.0170
0.0197
0.0227
0.0260
0.0297
0.0338
0.0385
0.0437
0.0495
0.0560
0.0633
0.0713
0.0800
0.0894
0.0995
0.1100
0.1209
0.1322
0.1438
0.1556
0.1676
0.1797
0.1920
0.2044
0.2168
0.2294
0.2420
0.2547
0.2675
0.2803
0.2931
0.3060
0.3190
0.3320
0.3450
0.3580
0.3711
0.3842
0.3973
0.4105
0.4237
0.4368
0.4501
0.4633
0.4765
0.4898
0.5031
0.5164
0.5297
0.5430
0.5563
0.5696
0.5830
0.5963
0.6097
0.6230
0.6364
0.6498
0.6631
0.6765
0.6899
0.7033
0.7167
0.7301
0.7434
0.7568
0.7702
0.7836
0.7970
0.8104
0.8237
0.8371
0.8504
0.8638
0.8771
0.8904
0.9036
0.9168
0.9298
0.9425
0.9548
0.9664
0.9771
0.9867
0.9950
1.0000