0.100000
0.100028
0.100112
0.100251
0.100446
0.100697
0.101004
0.101366
0.101784
0.102258
0.102787
0.103372
0.104013
0.104709
0.105460
0.106267
0.107129
0.108047
0.109020
0.110048
0.111131
0.112269
0.113463
0.114711
0.116014
0.117372
0.118784
0.120251
0.121772
0.123348
0.124978
0.126663
0.128401
0.130193
0.132040
0.133939
0.135893
0.137900
0.139960
0.142074
0.144240
0.146460
0.148732
0.151057
0.153435
0.155865
0.158347
0.160881
0.163467
0.166105
0.168794
0.171535
0.174327
0.177170
0.180063
0.183008
0.186003
0.189048
0.192143
0.195288
0.198483
0.201728
0.205022
0.208364
0.211756
0.215196
0.218685
0.222222
0.225807
0.229440
0.233120
0.236848
0.240623
0.244444
0.248312
0.252227
0.256187
0.260194
0.264246
0.268343
0.272486
0.276673
0.280905
0.285181
0.289501
0.293865
0.298273
0.302723
0.307217
0.311753
0.316332
0.320953
0.325615
0.330319
0.335064
0.339850
0.344677
0.349544
0.354451
0.359398
0.364384
0.369409
0.374473
0.379575
0.384715
0.389894
0.395109
0.400362
0.405652
0.410978
0.416340
0.421738
0.427172
0.432641
0.438144
0.443682
0.449255
0.454861
0.460500
0.466172
0.471877
0.477615
0.483384
0.489186
0.495018
0.500881
0.506775
0.512699
0.518653
0.524636
0.530649
0.536690
0.542759
0.548857
0.554982
0.561134
0.567313
0.573518
0.579750
0.586007
0.592289
0.598596
0.604928
0.611284
0.617663
0.624066
0.630491
0.636939
0.643410
0.649901
0.656415
0.662949
0.669503
0.676078
0.682672
0.689286
0.695918
0.702569
0.709237
0.715924
0.722627
0.729348
0.736085
0.742837
0.749605
0.756389
0.763187
0.769999
0.776825
0.783664
0.790517
0.797382
0.804259
0.811148
0.818048
0.824959
0.831880
0.838811
0.845752
0.852703
0.859661
0.866628
0.873603
0.880586
0.887575
0.894571
0.901573
0.908581
0.915593
0.922611
0.929633
0.936659
0.943689
0.950722
0.957757
0.964794
0.971834
0.978874
0.985916
0.992958
1.000000
0.992768
0.985536
0.978306
0.971078
0.963852
0.956628
0.949408
0.942191
0.934978
0.927769
0.920565
0.913367
0.906174
0.898988
0.891808
0.884635
0.877469
0.870312
0.863162
0.856022
0.848891
0.841769
0.834658
0.827557
0.820467
0.813388
0.806321
0.799267
0.792225
0.785196
0.778181
0.771180
0.764193
0.757221
0.750264
0.743323
0.736397
0.729489
0.722597
0.715722
0.708865
0.702026
0.695206
0.688405
0.681623
0.674861
0.668118
0.661397
0.654696
0.648017
0.641359
0.634724
0.628111
0.621521
0.614954
0.608411
0.601893
0.595398
0.588928
0.582484
0.576065
0.569672
0.563306
0.556966
0.550653
0.544368
0.538111
0.531881
0.525681
0.519509
0.513366
0.507253
0.501170
0.495117
0.489095
0.483104
0.477144
0.471216
0.465319
0.459455
0.453624
0.447826
0.442061
0.436330
0.430632
0.424969
0.419341
0.413747
0.408189
0.402666
0.397179
0.391728
0.386314
0.380936
0.375595
0.370292
0.365026
0.359798
0.354608
0.349457
0.344344
0.339270
0.334235
0.329240
0.324285
0.319370
0.314495
0.309660
0.304867
0.300114
0.295403
0.290733
0.286104
0.281518
0.276974
0.272472
0.268013
0.263597
0.259224
0.254894
0.250607
0.246364
0.242165
0.238010
0.233899
0.229832
0.225810
0.221833
0.217900
0.214013
0.210171
0.206374
0.202622
0.198916
0.195256
0.191642
0.188073
0.184551
0.181075
0.177645
0.174261
0.170924
0.167633
0.164389
0.161192
0.158041
0.154936
0.151878
0.148867
0.145903
0.142986
0.140115
0.137290
0.134512
0.131781
0.129096
0.126457
0.123865
0.121318
0.118818
0.116363
0.113953
0.111589
0.109270
0.106996
0.104766
0.102581
0.100439
0.098340
0.096285
0.094272
0.092300
0.090371
0.088482
0.086633
0.084823
0.083052
0.081319
0.079622
0.077962
0.076336
0.074744
0.073184
0.071656
0.070157
0.068686
0.067243
0.065824
0.064428
0.063053
0.061698
0.060360
0.059037
0.057727
0.056427
0.055135
0.053849
0.052566
0.051284
0.050000
0.051284
0.052566
0.053849
0.055135
0.056427
0.057727
0.059037
0.060360
0.061698
0.063053
0.064428
0.065824
0.067243
0.068686
0.070157
0.071656
0.073184
0.074744
0.076336
0.077962
0.079622
0.081319
0.083052
0.084823
0.086633
0.088482
0.090371
0.092300
0.094272
0.096285
0.098340
0.100439
0.102581
0.104766
0.106996
0.109270
0.111589
0.113953
0.116363
0.118818
0.121318
0.123865
0.126457
0.129096
0.131781
0.134512
0.137290
0.140115
0.142986
0.145903
0.148867
0.151878
0.154936
0.158041
0.161192
0.164389
0.167633
0.170924
0.174261
0.177645
0.181075
0.184551
0.188073
0.191642
0.195256
0.198916
0.202622
0.206374
0.210171
0.214013
0.217900
0.221833
0.225810
0.229832
0.233899
0.238010
0.242165
0.246364
0.250607
0.254894
0.259224
0.263597
0.268013
0.272472
0.276974
0.281518
0.286104
0.290733
0.295403
0.300114
0.304867
0.309660
0.314495
0.319370
0.324285
0.329240
0.334235
0.339270
0.344344
0.349457
0.354608
0.359798
0.365026
0.370292
0.375595
0.380936
0.386314
0.391728
0.397179
0.402666
0.408189
0.413747
0.419341
0.424969
0.430632
0.436330
0.442061
0.447826
0.453624
0.459455
0.465319
0.471216
0.477144
0.483104
0.489095
0.495117
0.501170
0.507253
0.513366
0.519509
0.525681
0.531881
0.538111
0.544368
0.550653
0.556966
0.563306
0.569672
0.576065
0.582484
0.588928
0.595398
0.601893
0.608411
0.614954
0.621521
0.628111
0.634724
0.641359
0.648017
0.654696
0.661397
0.668118
0.674861
0.681623
0.688405
0.695206
0.702026
0.708865
0.715722
0.722597
0.729489
0.736397
0.743323
0.750264
0.757221
0.764193
0.771180
0.778181
0.785196
0.792225
0.799267
0.806321
0.813388
0.820467
0.827557
0.834658
0.841769
0.848891
0.856022
0.863162
0.870312
0.877469
0.884635
0.891808
0.898988
0.906174
0.913367
0.920565
0.927769
0.934978
0.942191
0.949408
0.956628
0.963852
0.971078
0.978306
0.985536
0.992768
1.000000
0.992958
0.985916
0.978874
0.971834
0.964794
0.957757
0.950722
0.943689
0.936659
0.929633
0.922611
0.915593
0.908581
0.901573
0.894571
0.887575
0.880586
0.873603
0.866628
0.859661
0.852703
0.845752
0.838811
0.831880
0.824959
0.818048
0.811148
0.804259
0.797382
0.790517
0.783664
0.776825
0.769999
0.763187
0.756389
0.749605
0.742837
0.736085
0.729348
0.722627
0.715924
0.709237
0.702569
0.695918
0.689286
0.682672
0.676078
0.669503
0.662949
0.656415
0.649901
0.643410
0.636939
0.630491
0.624066
0.617663
0.611284
0.604928
0.598596
0.592289
0.586007
0.579750
0.573518
0.567313
0.561134
0.554982
0.548857
0.542759
0.536690
0.530649
0.524636
0.518653
0.512699
0.506775
0.500881
0.495018
0.489186
0.483384
0.477615
0.471877
0.466172
0.460500
0.454861
0.449255
0.443682
0.438144
0.432641
0.427172
0.421738
0.416340
0.410978
0.405652
0.400362
0.395109
0.389894
0.384715
0.379575
0.374473
0.369409
0.364384
0.359398
0.354451
0.349544
0.344677
0.339850
0.335064
0.330319
0.325615
0.320953
0.316332
0.311753
0.307217
0.302723
0.298273
0.293865
0.289501
0.285181
0.280905
0.276673
0.272486
0.268343
0.264246
0.260194
0.256187
0.252227
0.248312
0.244444
0.240623
0.236848
0.233120
0.229440
0.225807
0.222222
0.218685
0.215196
0.211756
0.208364
0.205022
0.201728
0.198483
0.195288
0.192143
0.189048
0.186003
0.183008
0.180063
0.177170
0.174327
0.171535
0.168794
0.166105
0.163467
0.160881
0.158347
0.155865
0.153435
0.151057
0.148732
0.146460
0.144240
0.142074
0.139960
0.137900
0.135893
0.133939
0.132040
0.130193
0.128401
0.126663
0.124978
0.123348
0.121772
0.120251
0.118784
0.117372
0.116014
0.114711
0.113463
0.112269
0.111131
0.110048
0.109020
0.108047
0.107129
0.106267
0.105460
0.104709
0.104013
0.103372
0.102787
0.102258
0.101784
0.101366
0.101004
0.100697
0.100446
0.100251
0.100112
0.100028
0.100000
